[[[  7 135 128]
  [ 10 138 129]
  [  9 133 130]
  ...
  [  4  37 128]
  [  4  37 127]
  [  0   0   0]]

 [[  9 130 133]
  [  6 149 133]
  [  8 141 130]
  ...
  [  5  34 132]
  [  5  34 132]
  [  0   0   0]]

 [[ 12   5 129]
  [  7 142   1]
  [  4 146   0]
  ...
  [  5  37   1]
  [  5  37   1]
  [  0   0   0]]

 ...

 [[ 12   2 131]
  [ 10 135 127]
  [  9 141 127]
  ...
  [  7  36 128]
  [  7  36 128]
  [  0   0   0]]

 [[ 11 127 130]
  [ 11   1 129]
  [  9 139 127]
  ...
  [  7  36 127]
  [  8  37 127]
  [  0   0   0]]

 [[  8  15 133]
  [ 12  24 132]
  [ 11  21 132]
  ...
  [  7  40   1]
  [  8  40   1]
  [  0   0   0]]]